\begin{table}[p]
\renewcommand{\arraystretch}{1.2}
\begin{center}
\begin{threeparttable}
\caption{Changes in bilateral portfolio shares: baseline model}
\label{tab:results-bal-weights}
\begin{tabular}{ccccc}
\toprule
Home\textbackslash Foreign&\multicolumn{1}{p{1.5cm}}{\centering USA}&\multicolumn{1}{p{1.5cm}}{\centering ADV}&\multicolumn{1}{p{1.5cm}}{\centering EME}&\multicolumn{1}{p{1.5cm}}{\centering ROW}\\
\midrule
\multicolumn{5}{l}{\textit{(a) Benchmark}}\\
USA&-7.33&3.02&3.66&0.65\\
ADV&3.66&-18.66&9.94&5.05\\
EME&-4.33&3.42&-4.65&5.56\\
ROW&-9.68&-1.08&10.94&-0.18\\
\midrule
\multicolumn{5}{l}{\textit{(b) Counterfactual 1: changes in size only}}\\
USA&-3.23&-0.74&1.85&2.12\\
ADV&-0.79&-6.22&3.42&3.58\\
EME&-5.40&-5.49&11.36&-0.47\\
ROW&-3.25&-10.17&2.28&11.14\\
\midrule
\multicolumn{5}{l}{\textit{(c) Counterfactual 2: changes in trade openness only}}\\
USA&-2.49&-2.34&3.45&1.38\\
ADV&-2.15&-6.34&5.81&2.67\\
EME&18.33&11.22&-42.83&13.28\\
ROW&-6.55&21.90&17.16&-32.51\\
\midrule
\multicolumn{5}{l}{\textit{(d) Counterfactual 3: changes in intermediate share share only}}\\
USA&-0.09&0.09&-0.08&0.07\\
ADV&0.22&-0.48&0.23&0.03\\
EME&-0.08&0.66&-0.69&0.10\\
ROW&-0.73&1.25&-0.07&-0.45\\
\bottomrule
\end{tabular}
\normalsize
\begin{tablenotes}
\small
\item Note: all results reported above are in percentage points.
\normalsize
\end{tablenotes}
\end{threeparttable}
\end{center}
\end{table}
