\begin{table}[p]
\begin{center}
\caption{Equilibrium portfolio weights}
\label{tab:results-weights}
\small
\begin{tabular}{ccccc}
\toprule
Home\textbackslash Foreign&USA&ADV&EME&ROW\\
\midrule
\multicolumn{5}{l}{\textit{(a) 1995 benchmark}}\\
USA&0.790&0.093&0.054&0.063\\
ADV&0.037&0.839&0.049&0.076\\
EME&0.139&0.150&0.636&0.075\\
ROW&0.158&0.358&0.091&0.393\\
\midrule
\multicolumn{5}{l}{\textit{(b) 2011 benchmark}}\\
USA&0.790&0.093&0.054&0.063\\
ADV&0.037&0.839&0.049&0.076\\
EME&0.139&0.150&0.636&0.075\\
ROW&0.158&0.358&0.091&0.393\\
\midrule
\multicolumn{5}{l}{\textit{(c) Counterfactual 1}}\\
USA&0.790&0.093&0.054&0.063\\
ADV&0.037&0.839&0.049&0.076\\
EME&0.139&0.150&0.636&0.075\\
ROW&0.158&0.358&0.091&0.393\\
\midrule
\multicolumn{5}{l}{\textit{(d) Counterfactual 2}}\\
USA&0.790&0.093&0.054&0.063\\
ADV&0.037&0.839&0.049&0.076\\
EME&0.139&0.150&0.636&0.075\\
ROW&0.158&0.358&0.091&0.393\\
\midrule
\multicolumn{5}{l}{\textit{(e) Counterfactual 3}}\\
USA&0.790&0.093&0.054&0.063\\
ADV&0.037&0.839&0.049&0.076\\
EME&0.139&0.150&0.636&0.075\\
ROW&0.158&0.358&0.091&0.393\\
\midrule
\multicolumn{5}{l}{\textit{(f) Counterfactual 4}}\\
USA&0.790&0.093&0.054&0.063\\
ADV&0.037&0.839&0.049&0.076\\
EME&0.139&0.150&0.636&0.075\\
ROW&0.158&0.358&0.091&0.393\\
\bottomrule
\end{tabular}
\normalsize
\end{center}
\end{table}
